1-100:
3,9,14,15,20,25,26,31,37,42,43,48,53,54,59,65,70,71,76,81,82,87,93,98,99

101-200:
105,110,111,116,121,122,127,133,138,139,144,149,150,155,161,166,167,172,177,178,183,189,194,195,200

201-300:
201,206,207,212,217,218,223,229,234,235,240,245,246,251,257,262,263,268,273,274,279,285,290,291,296

301-400:
302,303,308,313,314,319,325,330,331,336,341,342,347,353,358,359,364,369,370,375,381,386,387,392,397,398

   0   1   2   3   0   1
400 500 600 700 800 900 1000

0, 0, 1, 1, 1, 1, 1, 1, 2, 2, 2, 2, 2, 3, 4, 4, 4, 4, 4, 5, 5, 5, 5, 5, 6, 7, 7, 7, 7, 7, 8, 8, 8, 8, 8, 8, 9, 9, 9, 9, 9, 10, 11, 11, 11, 11, 11, 12, 12, 12, 12, 12, 13, 14, 14, 14, 14, 14, 15, 15, 15, 15, 15, 15, 16, 16, 16, 16, 16, 17, 18, 18, 18, 18, 18, 19, 19, 19, 19, 19, 20, 21, 21, 21, 21, 21, 22, 22, 22, 22, 22, 22, 23, 23, 23, 23, 23, 24, 25 
0, 0, 0, 0, 1, 1, 1, 1, 1, 2, 3, 3, 3, 3, 3, 4, 4, 4, 4, 4, 5, 6, 6, 6, 6, 6, 7, 7, 7, 7, 7, 7, 8, 8, 8, 8, 8, 9, 10, 10, 10, 10, 10, 11, 11, 11, 11, 11, 12, 13, 13, 13, 13, 13, 14, 14, 14, 14, 14, 14, 15, 15, 15, 15, 15, 16, 17, 17, 17, 17, 17, 18, 18, 18, 18, 18, 19, 20, 20, 20, 20, 20, 21, 21, 21, 21, 21, 21, 22, 22, 22, 22, 22, 23, 24, 24, 24, 24, 24
1, 1, 1, 1, 1, 2, 3, 3, 3, 3, 3, 4, 4, 4, 4, 4, 5, 6, 6, 6, 6, 6, 7, 7, 7, 7, 7, 7, 8, 8, 8, 8, 8, 9, 10, 10, 10, 10, 10, 11, 11, 11, 11, 11, 12, 13, 13, 13, 13, 13, 14, 14, 14, 14, 14, 14, 15, 15, 15, 15, 15, 16, 17, 17, 17, 17, 17, 18, 18, 18, 18, 18, 19, 20, 20, 20, 20, 20, 21, 21, 21, 21, 21, 21, 22, 22, 22, 22, 22, 23, 24, 24, 24, 24, 24, 25, 25, 25, 25
0, 1, 2, 2, 2, 2, 2, 3, 3, 3, 3, 3, 4, 5, 5, 5, 5, 5, 6, 6, 6, 6, 6, 6, 7, 7, 7, 7, 7, 8, 9, 9, 9, 9, 9, 10, 10, 10, 10, 10, 11, 12, 12, 12, 12, 12, 13, 13, 13, 13, 13, 13, 14, 14, 14, 14, 14, 15, 16, 16, 16, 16, 16, 17, 17, 17, 17, 17, 18, 19, 19, 19, 19, 19, 20, 20, 20, 20, 20, 20, 21, 21, 21, 21, 21, 22, 23, 23, 23, 23, 23, 24, 24, 24, 24, 24, 25, 26, 26